EventNb 1
g1xcl	1	1	27.2	68	68	1	
EventNb 2
g1xcl	1	1	40.4	101	101	1	
EventNb 3
g1xcl	2	2	68.2	170.5	170	1	171	1	
EventNb 4
g1xcl	1	1	66.8	167	167	1	
EventNb 5
g1xcl	3	3	56.8	142	141	1	142	1	143	1	
EventNb 6
g1xcl	1	1	54	135	135	1	
EventNb 7
g1xcl	1	1	54	135	135	1	
EventNb 8
g1xcl	2	2	67.4	168.5	168	1	169	1	
EventNb 9
g1xcl	2	2	87.4	218.5	218	1	219	1	
EventNb 10
g1xcl	2	2	89.8	224.5	224	1	225	1	
EventNb 11
g1xcl	2	2	61.4	153.5	153	1	154	1	
EventNb 12
g1xcl	3	3	83.2	208	207	1	208	1	209	1	
EventNb 13
g1xcl	18	18	56	140	139	1	140	1	141	1	147	1	155	1	178	1	195	1	196	1	219	1	221	1	222	1	223	1	224	1	225	1	226	1	36	1	37	1	38	1	
EventNb 14
g1xcl	16	16	51.6	129	129	1	147	1	155	1	178	1	195	1	196	1	219	1	221	1	222	1	223	1	224	1	225	1	226	1	36	1	37	1	38	1	
EventNb 15
g1xcl	16	16	51.6	129	129	1	147	1	155	1	178	1	195	1	196	1	219	1	221	1	222	1	223	1	224	1	225	1	226	1	36	1	37	1	38	1	
EventNb 16
g1xcl	16	16	51.6	129	129	1	147	1	155	1	178	1	195	1	196	1	219	1	221	1	222	1	223	1	224	1	225	1	226	1	36	1	37	1	38	1	
EventNb 17
g1xcl	16	16	51.6	129	129	1	147	1	155	1	178	1	195	1	196	1	219	1	221	1	222	1	223	1	224	1	225	1	226	1	36	1	37	1	38	1	
EventNb 18
g1xcl	18	18	46.4	116	115	1	116	1	117	1	147	1	155	1	178	1	195	1	196	1	219	1	221	1	222	1	223	1	224	1	225	1	226	1	36	1	37	1	38	1	
